% 30 October 2015 - initial conditions for iterations

% geo orbit about the Earth
earth_x0 = [1/constants.l_scale*(35786+6378.137) - constants.mu;0;0;3.07*1/constants.v_scale];

%% initial conditions with u = 0.75
% minimizing the x component (furthest left)
% from geotranser 1
% earth_x0 = [-0.14045573973868056000; 0.00000000000000000000; 0.41545845645567647000; -2.50372998632243830000 ];
% from geotransfer 2
% earth_x0 = [-0.14457311487458951000; 0.00000000000000000000; 0.52990257180892564000; -2.38049878618453950000];
% from geotransfer 3
% earth_x0 = [-0.13405259891035837000; 0.00000000000000001572; 0.83659730803757704000; -2.53021341332627260000];
%% define initial conditions for when we're minimizing the x direction
% from ./minx with u = 0.5
% from geo_transfer_1 (minimize distance)
% earth_x0 =[-0.151136352926310;-0.000000000000000;0.132040248107148;-2.314529896548967];
% earth_x0 = [-0.15328451061550127000; -0.00000000000000003188; -0.01424737191265374600; -2.30682745789989330000 ]; % minimize x

% from geo_transfer_2 (minimize distance)
% earth_x0 = [ -0.156738396267405;-0.002517691671468;0.300932441892643;-2.188954314249965]; % from geo_transfer_2.mat (go backward) 
% minimize the x 
% earth_x0 = [-0.16285423791487691000; -0.00000000000000000022; 0.10246279989951737000; -2.12678052734467340000];

% from geo_transfer_3 
% earth_x0 = [-0.160964496092083;0.000000000000015;0.368316756495253;-2.108540717951311];
% minimize x
% earth_x0 = [-0.17089738600471038000; 0.00000000000001411844; 0.21416864780528005000; -1.99867784182314860000];

% from geo_transfer_4
% minimize x
% earth_x0 = [-0.17403568524658589000; 0.00000000000000000000; 0.42346166133524876000; -1.92024337294004920000 ];

% from geo_transfer_5
% minimize x
% earth_x0 = [-0.17371914600914912000; 0.00000000000000007427; 0.57514326654477355000; -1.91895779611010320000];

% from geo_transfer_6
% minimize x
% earth_x0 = [-0.17320970217602974000; 0.00000000000000002505; 0.65516376266077869000; -1.98023594146026190000 ];

% from geo_transfer_7
% minimize x
% earth_x0 = [-0.15739527563139608000; 0.00000000000000005275; 0.76113328464855246000; -2.29379030506219550000];

% from geo_transfer_8
% minimize x
% earth_x0 = [-0.16002618740926791000; 0.00000000000000000000; 0.64814585445758000000; -2.34253511582102410000 ];


% initial conditions for minimizing distance